A=
[[16.  9.  8.  7.  6.  5.  4.  3.  2.  1.]
 [ 9. 17.  9.  8.  7.  6.  5.  4.  3.  2.]
 [ 8.  9. 18.  9.  8.  7.  6.  5.  4.  3.]
 [ 7.  8.  9. 19.  9.  8.  7.  6.  5.  4.]
 [ 6.  7.  8.  9. 18.  9.  8.  7.  6.  5.]
 [ 5.  6.  7.  8.  9. 17.  9.  8.  7.  6.]
 [ 4.  5.  6.  7.  8.  9. 16.  9.  8.  7.]
 [ 3.  4.  5.  6.  7.  8.  9. 15.  9.  8.]
 [ 2.  3.  4.  5.  6.  7.  8.  9. 14.  9.]
 [ 1.  2.  3.  4.  5.  6.  7.  8.  9. 13.]]
Resolvendo por LU
X_T = [[ 0.2 -0.4  0.5 -0.4  0.9 -0.5  0.7 -0.5  0.4 -0.4]]
Resolvendo por Cholesky
X_T = [[ 0.2 -0.4  0.5 -0.4  0.9 -0.5  0.7 -0.5  0.4 -0.4]]